	A	R	N	D	C	Q	E	G	H	I	L	K	M	F	P	S	T	W	Y	V	B	Z	X	*
A	0.0	3.726033926010132	3.6908278465271	3.7802271842956543	4.0	3.6891725063323975	3.77136492729187	3.710779905319214	3.735929489135742	3.786034107208252	3.785124778747559	3.649026393890381	3.770919799804688	3.841847896575928	3.7802231311798096	3.7010579109191895	3.752114772796631	4.139080047607422	3.8778305053710938	3.7297329902648926	0.0	0.0	0.0	0.0
R	3.726033926010132	0.0	3.741954326629639	3.9141383171081534	4.0	3.6232502460479736	3.673102617263794	3.9697535037994394	3.8139164447784415	3.878348827362061	3.874027729034424	3.601266860961914	3.725114583969116	3.970483541488648	3.870429277420044	3.760934352874756	3.699460983276367	3.946687459945679	3.76415491104126	3.764138698577881	0.0	0.0	0.0	0.0
N	3.6908278465271	3.741954326629639	0.0	3.77375602722168	4.0	3.814845085144043	3.707125186920166	3.94243597984314	3.831177949905396	4.07432746887207	3.6946780681610103	3.653730869293213	3.6975598335266113	3.9021482467651367	3.8796887397766113	3.879903793334961	3.806573390960693	4.067026615142822	4.040890693664551	3.799522876739502	0.0	0.0	0.0	0.0
D	3.7802271842956543	3.9141383171081534	3.77375602722168	0.0	4.0	3.851280212402344	3.7014997005462646	3.9221982955932617	3.7957935333251953	3.7411959171295166	3.854851484298706	3.6563353538513184	4.18895435333252	3.93184757232666	3.792727470397949	3.72215747833252	3.918636083602905	3.739295482635498	4.023033618927002	3.9725499153137207	0.0	0.0	0.0	0.0
C	4.0	4.0	4.0	4.0	0.0	4.0	4.0	4.0	4.0	4.0	4.0	4.0	4.0	4.0	4.0	4.0	4.0	4.0	4.0	4.0	0.0	0.0	0.0	0.0
Q	3.6891725063323975	3.6232502460479736	3.814845085144043	3.851280212402344	4.0	0.0	3.676016569137573	3.8504855632781982	3.774004220962525	3.649148941040039	3.690345525741577	3.692765235900879	3.580892562866211	3.7439699172973633	3.996128559112549	3.782499313354492	3.681329727172852	3.726917266845703	3.8862483501434326	3.705936908721924	0.0	0.0	0.0	0.0
E	3.77136492729187	3.673102617263794	3.707125186920166	3.7014997005462646	4.0	3.676016569137573	0.0	3.921447277069092	3.6346821784973145	3.7238597869873047	3.752354145050049	3.588401556015014	3.782033681869507	3.747288465499878	3.7936408519744873	3.747340440750122	3.787714719772339	4.182938098907471	4.057012557983398	3.882302761077881	0.0	0.0	0.0	0.0
G	3.710779905319214	3.9697535037994394	3.94243597984314	3.9221982955932617	4.0	3.8504855632781982	3.921447277069092	0.0	3.790254831314087	4.077565670013428	3.90692949295044	4.206970691680908	4.138720512390137	4.022305488586426	3.896157741546631	3.8108434677124015	3.956394672393799	4.381584644317627	4.1982245445251465	4.078503608703613	0.0	0.0	0.0	0.0
H	3.735929489135742	3.8139164447784415	3.831177949905396	3.7957935333251953	4.0	3.774004220962525	3.6346821784973145	3.790254831314087	0.0	3.726240158081055	3.724289894104004	3.640590190887451	3.669265747070313	3.667377471923828	3.842055797576904	3.806769847869873	3.6764535903930655	3.769458293914795	3.8071234226226807	3.6955196857452393	0.0	0.0	0.0	0.0
I	3.786034107208252	3.878348827362061	4.07432746887207	3.7411959171295166	4.0	3.649148941040039	3.7238597869873047	4.077565670013428	3.726240158081055	0.0	3.727462768554688	3.7407360076904297	3.740846157073975	3.712958574295044	3.84330940246582	3.823212146759033	3.723592519760132	3.6751983165740967	3.70697283744812	3.61382794380188	0.0	0.0	0.0	0.0
L	3.785124778747559	3.874027729034424	3.6946780681610103	3.854851484298706	4.0	3.690345525741577	3.752354145050049	3.90692949295044	3.724289894104004	3.727462768554688	0.0	3.5607750415802	3.652978420257568	3.7845280170440674	3.89345383644104	3.773607015609741	3.718476295471192	3.8160266876220703	3.898958206176758	3.669227600097656	0.0	0.0	0.0	0.0
K	3.649026393890381	3.601266860961914	3.653730869293213	3.6563353538513184	4.0	3.692765235900879	3.588401556015014	4.206970691680908	3.640590190887451	3.7407360076904297	3.5607750415802	0.0	3.7603797912597656	3.668933153152466	3.663132667541504	3.756866455078125	3.7304420471191406	3.732922315597534	3.784602403640747	3.762457847595215	0.0	0.0	0.0	0.0
M	3.770919799804688	3.725114583969116	3.6975598335266113	4.18895435333252	4.0	3.580892562866211	3.782033681869507	4.138720512390137	3.669265747070313	3.740846157073975	3.652978420257568	3.7603797912597656	0.0	3.942771434783936	3.710798740386963	3.6945888996124263	3.7029683589935294	3.636374711990357	3.7481491565704346	3.719369411468506	0.0	0.0	0.0	0.0
F	3.841847896575928	3.970483541488648	3.9021482467651367	3.93184757232666	4.0	3.7439699172973633	3.747288465499878	4.022305488586426	3.667377471923828	3.712958574295044	3.7845280170440674	3.668933153152466	3.942771434783936	0.0	3.92026424407959	3.8359456062316895	3.893266439437866	3.7690858840942383	3.651831150054932	3.7831645011901855	0.0	0.0	0.0	0.0
P	3.7802231311798096	3.870429277420044	3.8796887397766113	3.792727470397949	4.0	3.996128559112549	3.7936408519744873	3.896157741546631	3.842055797576904	3.84330940246582	3.89345383644104	3.663132667541504	3.710798740386963	3.92026424407959	0.0	3.909393548965454	3.9742431640625	4.015289783477783	3.8267767429351807	3.8148488998413086	0.0	0.0	0.0	0.0
S	3.7010579109191895	3.760934352874756	3.879903793334961	3.72215747833252	4.0	3.782499313354492	3.747340440750122	3.8108434677124015	3.806769847869873	3.823212146759033	3.773607015609741	3.756866455078125	3.6945888996124263	3.8359456062316895	3.909393548965454	0.0	3.707005023956299	4.153733730316162	3.89882230758667	3.761249542236328	0.0	0.0	0.0	0.0
T	3.752114772796631	3.699460983276367	3.806573390960693	3.918636083602905	4.0	3.681329727172852	3.787714719772339	3.956394672393799	3.6764535903930655	3.723592519760132	3.718476295471192	3.7304420471191406	3.7029683589935294	3.893266439437866	3.9742431640625	3.707005023956299	0.0	4.156067371368408	3.977281093597412	3.6588785648345943	0.0	0.0	0.0	0.0
W	4.139080047607422	3.946687459945679	4.067026615142822	3.739295482635498	4.0	3.726917266845703	4.182938098907471	4.381584644317627	3.769458293914795	3.6751983165740967	3.8160266876220703	3.732922315597534	3.636374711990357	3.7690858840942383	4.015289783477783	4.153733730316162	4.156067371368408	0.0	3.749769926071167	4.263367176055908	0.0	0.0	0.0	0.0
Y	3.8778305053710938	3.76415491104126	4.040890693664551	4.023033618927002	4.0	3.8862483501434326	4.057012557983398	4.1982245445251465	3.8071234226226807	3.70697283744812	3.898958206176758	3.784602403640747	3.7481491565704346	3.651831150054932	3.8267767429351807	3.89882230758667	3.977281093597412	3.749769926071167	0.0	3.775267362594605	0.0	0.0	0.0	0.0
V	3.7297329902648926	3.764138698577881	3.799522876739502	3.9725499153137207	4.0	3.705936908721924	3.882302761077881	4.078503608703613	3.6955196857452393	3.61382794380188	3.669227600097656	3.762457847595215	3.719369411468506	3.7831645011901855	3.8148488998413086	3.761249542236328	3.6588785648345943	4.263367176055908	3.775267362594605	0.0	0.0	0.0	0.0	0.0
B	0.0	0.0	0.0	0.0	0.0	0.0	0.0	0.0	0.0	0.0	0.0	0.0	0.0	0.0	0.0	0.0	0.0	0.0	0.0	0.0	0.0	0.0	0.0	0.0
Z	0.0	0.0	0.0	0.0	0.0	0.0	0.0	0.0	0.0	0.0	0.0	0.0	0.0	0.0	0.0	0.0	0.0	0.0	0.0	0.0	0.0	0.0	0.0	0.0
X	0.0	0.0	0.0	0.0	0.0	0.0	0.0	0.0	0.0	0.0	0.0	0.0	0.0	0.0	0.0	0.0	0.0	0.0	0.0	0.0	0.0	0.0	0.0	0.0
*	0.0	0.0	0.0	0.0	0.0	0.0	0.0	0.0	0.0	0.0	0.0	0.0	0.0	0.0	0.0	0.0	0.0	0.0	0.0	0.0	0.0	0.0	0.0	0.0
