,A,R,N,D,C,Q,E,G,H,I,L,K,M,F,P,S,T,W,Y,V
A,0,3.726033926,3.690827847,3.780227184,4,3.689172506,3.771364927,3.710779905,3.735929489,3.786034107,3.785124779,3.649026394,3.7709198,3.841847897,3.780223131,3.701057911,3.752114773,4.139080048,3.877830505,3.72973299
R,3.726033926,0,3.741954327,3.914138317,4,3.623250246,3.673102617,3.969753504,3.813916445,3.878348827,3.874027729,3.601266861,3.725114584,3.970483541,3.870429277,3.760934353,3.699460983,3.94668746,3.764154911,3.764138699
N,3.690827847,3.741954327,0,3.773756027,4,3.814845085,3.707125187,3.94243598,3.83117795,4.074327469,3.694678068,3.653730869,3.697559834,3.902148247,3.87968874,3.879903793,3.806573391,4.067026615,4.040890694,3.799522877
D,3.780227184,3.914138317,3.773756027,0,4,3.851280212,3.701499701,3.922198296,3.795793533,3.741195917,3.854851484,3.656335354,4.188954353,3.931847572,3.79272747,3.722157478,3.918636084,3.739295483,4.023033619,3.972549915
C,4,4,4,4,0,4,4,4,4,4,4,4,4,4,4,4,4,4,4,4
Q,3.689172506,3.623250246,3.814845085,3.851280212,4,0,3.676016569,3.850485563,3.774004221,3.649148941,3.690345526,3.692765236,3.580892563,3.743969917,3.996128559,3.782499313,3.681329727,3.726917267,3.88624835,3.705936909
E,3.771364927,3.673102617,3.707125187,3.701499701,4,3.676016569,0,3.921447277,3.634682178,3.723859787,3.752354145,3.588401556,3.782033682,3.747288465,3.793640852,3.747340441,3.78771472,4.182938099,4.057012558,3.882302761
G,3.710779905,3.969753504,3.94243598,3.922198296,4,3.850485563,3.921447277,0,3.790254831,4.07756567,3.906929493,4.206970692,4.138720512,4.022305489,3.896157742,3.810843468,3.956394672,4.381584644,4.198224545,4.078503609
H,3.735929489,3.813916445,3.83117795,3.795793533,4,3.774004221,3.634682178,3.790254831,0,3.726240158,3.724289894,3.640590191,3.669265747,3.667377472,3.842055798,3.806769848,3.67645359,3.769458294,3.807123423,3.695519686
I,3.786034107,3.878348827,4.074327469,3.741195917,4,3.649148941,3.723859787,4.07756567,3.726240158,0,3.727462769,3.740736008,3.740846157,3.712958574,3.843309402,3.823212147,3.72359252,3.675198317,3.706972837,3.613827944
L,3.785124779,3.874027729,3.694678068,3.854851484,4,3.690345526,3.752354145,3.906929493,3.724289894,3.727462769,0,3.560775042,3.65297842,3.784528017,3.893453836,3.773607016,3.718476295,3.816026688,3.898958206,3.6692276
K,3.649026394,3.601266861,3.653730869,3.656335354,4,3.692765236,3.588401556,4.206970692,3.640590191,3.740736008,3.560775042,0,3.760379791,3.668933153,3.663132668,3.756866455,3.730442047,3.732922316,3.784602404,3.762457848
M,3.7709198,3.725114584,3.697559834,4.188954353,4,3.580892563,3.782033682,4.138720512,3.669265747,3.740846157,3.65297842,3.760379791,0,3.942771435,3.71079874,3.6945889,3.702968359,3.636374712,3.748149157,3.719369411
F,3.841847897,3.970483541,3.902148247,3.931847572,4,3.743969917,3.747288465,4.022305489,3.667377472,3.712958574,3.784528017,3.668933153,3.942771435,0,3.920264244,3.835945606,3.893266439,3.769085884,3.65183115,3.783164501
P,3.780223131,3.870429277,3.87968874,3.79272747,4,3.996128559,3.793640852,3.896157742,3.842055798,3.843309402,3.893453836,3.663132668,3.71079874,3.920264244,0,3.909393549,3.974243164,4.015289783,3.826776743,3.8148489
S,3.701057911,3.760934353,3.879903793,3.722157478,4,3.782499313,3.747340441,3.810843468,3.806769848,3.823212147,3.773607016,3.756866455,3.6945889,3.835945606,3.909393549,0,3.707005024,4.15373373,3.898822308,3.761249542
T,3.752114773,3.699460983,3.806573391,3.918636084,4,3.681329727,3.78771472,3.956394672,3.67645359,3.72359252,3.718476295,3.730442047,3.702968359,3.893266439,3.974243164,3.707005024,0,4.156067371,3.977281094,3.658878565
W,4.139080048,3.94668746,4.067026615,3.739295483,4,3.726917267,4.182938099,4.381584644,3.769458294,3.675198317,3.816026688,3.732922316,3.636374712,3.769085884,4.015289783,4.15373373,4.156067371,0,3.749769926,4.263367176
Y,3.877830505,3.764154911,4.040890694,4.023033619,4,3.88624835,4.057012558,4.198224545,3.807123423,3.706972837,3.898958206,3.784602404,3.748149157,3.65183115,3.826776743,3.898822308,3.977281094,3.749769926,0,3.775267363
V,3.72973299,3.764138699,3.799522877,3.972549915,4,3.705936909,3.882302761,4.078503609,3.695519686,3.613827944,3.6692276,3.762457848,3.719369411,3.783164501,3.8148489,3.761249542,3.658878565,4.263367176,3.775267363,0
